[0.33284643 0.14339809 0.02453956 0.15324929 0.18254569 0.05788342
 0.059503   0.04603452]
[0.3328464672559011, 0.14339807729673312, 0.02453953390400746, 0.20324923077484852, 0.1825456784650624, 0.007883590556753962, 0.05950297850770144, 0.04603444323899201]

 Resultados del portafolio optimizado
     Asset  w_current  w_benchmark  w_optimal
0  Asset 1     0.3328       0.3328     0.3328
1  Asset 2     0.1434       0.1434     0.1434
2  Asset 3     0.0245       0.0245     0.0245
3  Asset 4     0.2032       0.2032     0.1532
4  Asset 5     0.1825       0.1825     0.1825
5  Asset 6     0.0079       0.0079     0.0579
6  Asset 7     0.0595       0.0595     0.0595
7  Asset 8     0.0460       0.0460     0.0460

Tracking Error Varianza: 7.918463102022646e-06
Turnover realizado: 0.09999994548230322S

[0.31440205 0.17092461 0.02690463 0.11708437 0.20718198 0.05769191
 0.05237478 0.05343567]
[0.31440224135382205, 0.17092460183595903, 0.026904586077246908, 0.16708414297501625, 0.20718199082880717, 0.007693000147937361, 0.052374769598256876, 0.05343466718295437]

 Resultados del portafolio optimizado
     Asset  w_current  w_benchmark  w_optimal
0  Asset 1     0.3144       0.3144     0.3144
1  Asset 2     0.1709       0.1709     0.1709
2  Asset 3     0.0269       0.0269     0.0269
3  Asset 4     0.1671       0.1671     0.1171
4  Asset 5     0.2072       0.2072     0.2072
5  Asset 6     0.0077       0.0077     0.0577
6  Asset 7     0.0524       0.0524     0.0524
7  Asset 8     0.0534       0.0534     0.0534

Tracking Error Varianza: 7.918412151070274e-06
Turnover realizado: 0.09999994274321362

[0.30017909 0.24024652 0.0391245  0.0929202  0.16486056 0.055635
 0.06565053 0.04138361]
[0.3001790890552568, 0.24024652307504063, 0.039124495675708436, 0.14292019524017505, 0.16486055760859653, 0.005635002569395687, 0.06565053071304237, 0.04138360606278458]

 Resultados del portafolio optimizado
     Asset  w_current  w_benchmark  w_optimal
0  Asset 1     0.3002       0.3002     0.3002
1  Asset 2     0.2402       0.2402     0.2402
2  Asset 3     0.0391       0.0391     0.0391
3  Asset 4     0.1429       0.1429     0.0929
4  Asset 5     0.1649       0.1649     0.1649
5  Asset 6     0.0056       0.0056     0.0556
6  Asset 7     0.0657       0.0657     0.0657
7  Asset 8     0.0414       0.0414     0.0414

Tracking Error Varianza: 7.918484099158995e-06
Turnover realizado: 0.0999999995690129

[0.31793014 0.20248686 0.03858029 0.10440238 0.17883907 0.05653302
 0.06452509 0.03670315]
[0.31793018203131684, 0.20248685615568116, 0.03858021855350551, 0.1544023041136176, 0.17883906234313635, 0.006533156891763937, 0.06452507597601707, 0.036703143934961505]

 Resultados del portafolio optimizado
     Asset  w_current  w_benchmark  w_optimal
0  Asset 1     0.3179       0.3179     0.3179
1  Asset 2     0.2025       0.2025     0.2025
2  Asset 3     0.0386       0.0386     0.0386
3  Asset 4     0.1544       0.1544     0.1044
4  Asset 5     0.1788       0.1788     0.1788
5  Asset 6     0.0065       0.0065     0.0565
6  Asset 7     0.0645       0.0645     0.0645
7  Asset 8     0.0367       0.0367     0.0367

Tracking Error Varianza: 7.91845965738486e-06
Turnover realizado: 0.09999992778983793

[0.35965634 0.17338283 0.02224984 0.10077721 0.17990971 0.05585791
 0.06492481 0.04324134]
[0.35965644941883096, 0.17338283344454355, 0.02224984440269844, 0.15077710279872428, 0.17990971132273784, 0.0058579195307373105, 0.06492481224651549, 0.043241326835212104]

 Resultados del portafolio optimizado
     Asset  w_current  w_benchmark  w_optimal
0  Asset 1     0.3597       0.3597     0.3597
1  Asset 2     0.1734       0.1734     0.1734
2  Asset 3     0.0222       0.0222     0.0222
3  Asset 4     0.1508       0.1508     0.1008
4  Asset 5     0.1799       0.1799     0.1799
5  Asset 6     0.0059       0.0059     0.0559
6  Asset 7     0.0649       0.0649     0.0649
7  Asset 8     0.0432       0.0432     0.0432

Tracking Error Varianza: 7.918454829683674e-06
Turnover realizado: 0.09999999948476807

[0.40936754 0.13733181 0.01379407 0.12034356 0.17858546 0.05933684
 0.04880232 0.03243841]
[0.40936757471765245, 0.13733180754072055, 0.013794066491872672, 0.1703435226969249, 0.17858546490273558, 0.00933684255304333, 0.04880231984674461, 0.032438401250305636]

 Resultados del portafolio optimizado
     Asset  w_current  w_benchmark  w_optimal
0  Asset 1     0.4094       0.4094     0.4094
1  Asset 2     0.1373       0.1373     0.1373
2  Asset 3     0.0138       0.0138     0.0138
3  Asset 4     0.1703       0.1703     0.1203
4  Asset 5     0.1786       0.1786     0.1786
5  Asset 6     0.0093       0.0093     0.0593
6  Asset 7     0.0488       0.0488     0.0488
7  Asset 8     0.0324       0.0324     0.0324

Tracking Error Varianza: 7.918474991646185e-06
Turnover realizado: 0.0999999998149374

[0.3884525  0.15901266 0.01157382 0.13432456 0.17103152 0.06055565
 0.03834912 0.03670017]
[0.3884525186043188, 0.15901266356614407, 0.011573823798719567, 0.18432453774593402, 0.1710315155252685, 0.010555922062561346, 0.038349117631366766, 0.03669990106568649]

 Resultados del portafolio optimizado
     Asset  w_current  w_benchmark  w_optimal
0  Asset 1     0.3885       0.3885     0.3885
1  Asset 2     0.1590       0.1590     0.1590
2  Asset 3     0.0116       0.0116     0.0116
3  Asset 4     0.1843       0.1843     0.1343
4  Asset 5     0.1710       0.1710     0.1710
5  Asset 6     0.0106       0.0106     0.0606
6  Asset 7     0.0383       0.0383     0.0383
7  Asset 8     0.0367       0.0367     0.0367

Tracking Error Varianza: 7.918476117774539e-06
Turnover realizado: 0.09999999520955667

[0.3405953  0.15252555 0.00989494 0.11594924 0.2661029  0.05766752
 0.03135273 0.02591182]
[0.34059543993061786, 0.15252553508199992, 0.009894923039175845, 0.16594904306988492, 0.26610290848827983, 0.00766771136062649, 0.03135269559628416, 0.02591174343313111]

 Resultados del portafolio optimizado
     Asset  w_current  w_benchmark  w_optimal
0  Asset 1     0.3406       0.3406     0.3406
1  Asset 2     0.1525       0.1525     0.1525
2  Asset 3     0.0099       0.0099     0.0099
3  Asset 4     0.1659       0.1659     0.1159
4  Asset 5     0.2661       0.2661     0.2661
5  Asset 6     0.0077       0.0077     0.0577
6  Asset 7     0.0314       0.0314     0.0314
7  Asset 8     0.0259       0.0259     0.0259

Tracking Error Varianza: 7.918425696577058e-06
Turnover realizado: 0.0999999027726115

[0.3212394  0.16453383 0.01086767 0.11079623 0.2955757  0.05653245
 0.0177391  0.02271562]
[0.32123949444570304, 0.16453381973270728, 0.010867648796296888, 0.1607960740442635, 0.2955757138707197, 0.006532647166721363, 0.017739068724824975, 0.022715533218763437]

 Resultados del portafolio optimizado
     Asset  w_current  w_benchmark  w_optimal
0  Asset 1     0.3212       0.3212     0.3212
1  Asset 2     0.1645       0.1645     0.1645
2  Asset 3     0.0109       0.0109     0.0109
3  Asset 4     0.1608       0.1608     0.1108
4  Asset 5     0.2956       0.2956     0.2956
5  Asset 6     0.0065       0.0065     0.0565
6  Asset 7     0.0177       0.0177     0.0177
7  Asset 8     0.0227       0.0227     0.0227

Tracking Error Varianza: 7.918436634148552e-06
Turnover realizado: 0.09999989933668844

[0.31165453 0.15933293 0.02163435 0.09476815 0.30483801 0.0601479
 0.01969101 0.02793312]
[0.311659269301592, 0.15933292328925913, 0.02163433676814791, 0.14476336350760707, 0.30483803423897254, 0.01014895698309284, 0.019690986210923845, 0.02793212970040485]

 Resultados del portafolio optimizado
     Asset  w_current  w_benchmark  w_optimal
0  Asset 1     0.3117       0.3117     0.3117
1  Asset 2     0.1593       0.1593     0.1593
2  Asset 3     0.0216       0.0216     0.0216
3  Asset 4     0.1448       0.1448     0.0948
4  Asset 5     0.3048       0.3048     0.3048
5  Asset 6     0.0101       0.0101     0.0601
6  Asset 7     0.0197       0.0197     0.0197
7  Asset 8     0.0279       0.0279     0.0279

Tracking Error Varianza: 7.917205777013737e-06
Turnover realizado: 0.0999999405128062