[0.25518543 0.19711772 0.07014482 0.12594318 0.13398742 0.10785025
 0.05892497 0.05084622]
[0.25518543008699746, 0.19711771800772293, 0.0701448123819742, 0.175943145763291, 0.13398739494153442, 0.057850498926753265, 0.05892496423154355, 0.05084603566018308]

 Resultados del portafolio optimizado
     Asset  w_current  w_benchmark  w_optimal
0  Asset 1     0.2552       0.2552     0.2552
1  Asset 2     0.1971       0.1971     0.1971
2  Asset 3     0.0701       0.0701     0.0701
3  Asset 4     0.1759       0.1759     0.1259
4  Asset 5     0.1340       0.1340     0.1340
5  Asset 6     0.0579       0.0579     0.1079
6  Asset 7     0.0589       0.0589     0.0589
7  Asset 8     0.0508       0.0508     0.0508

Tracking Error Varianza: 9.261861835638122e-06
Turnover realizado: 0.09999994014382937

[0.23231807 0.15988147 0.0413786  0.10027957 0.21191354 0.13240335
 0.05228113 0.06954426]
[0.23231807443598523, 0.15988147022446728, 0.04137860049367175, 0.15027957112817325, 0.21191354467970963, 0.08240597912230128, 0.05228112806759738, 0.06954163184809418]

 Resultados del portafolio optimizado
     Asset  w_current  w_benchmark  w_optimal
0  Asset 1     0.2323       0.2323     0.2323
1  Asset 2     0.1599       0.1599     0.1599
2  Asset 3     0.0414       0.0414     0.0414
3  Asset 4     0.1503       0.1503     0.1003
4  Asset 5     0.2119       0.2119     0.2119
5  Asset 6     0.0824       0.0824     0.1324
6  Asset 7     0.0523       0.0523     0.0523
7  Asset 8     0.0695       0.0695     0.0695

Tracking Error Varianza: 9.26175876318141e-06
Turnover realizado: 0.09999999854175354

[0.24380726 0.09381473 0.06020126 0.16985492 0.18016449 0.10339831
 0.07250157 0.07625746]
[0.24380725854280103, 0.09381472721059679, 0.060201244571542405, 0.21985490698546817, 0.18016447165428334, 0.05339868785582069, 0.072501565235468, 0.07625713794401952]

 Resultados del portafolio optimizado
     Asset  w_current  w_benchmark  w_optimal
0  Asset 1     0.2438       0.2438     0.2438
1  Asset 2     0.0938       0.0938     0.0938
2  Asset 3     0.0602       0.0602     0.0602
3  Asset 4     0.2199       0.2199     0.1699
4  Asset 5     0.1802       0.1802     0.1802
5  Asset 6     0.0534       0.0534     0.1034
6  Asset 7     0.0725       0.0725     0.0725
7  Asset 8     0.0763       0.0763     0.0763

Tracking Error Varianza: 9.261859265694632e-06
Turnover realizado: 0.09999997114801792

[0.26605427 0.07906636 0.05782593 0.15371515 0.15013047 0.16343408
 0.06484258 0.06493116]
[0.266054282816043, 0.07906632517994572, 0.05782590660275847, 0.20371507689779125, 0.15013041928780407, 0.11343798840280293, 0.06484256170006979, 0.06492743911278477]

 Resultados del portafolio optimizado
     Asset  w_current  w_benchmark  w_optimal
0  Asset 1     0.2661       0.2661     0.2661
1  Asset 2     0.0791       0.0791     0.0791
2  Asset 3     0.0578       0.0578     0.0578
3  Asset 4     0.2037       0.2037     0.1537
4  Asset 5     0.1501       0.1501     0.1501
5  Asset 6     0.1134       0.1134     0.1634
6  Asset 7     0.0648       0.0648     0.0648
7  Asset 8     0.0649       0.0649     0.0649

Tracking Error Varianza: 9.26167089427759e-06
Turnover realizado: 0.09999986864289656

[0.23487035 0.11158765 0.09934886 0.24292048 0.06116287 0.11629279
 0.0666645  0.06715252]
[0.2348703486044998, 0.11158764811040063, 0.09934885515994939, 0.2929204755724159, 0.061162858206219965, 0.06629281598622108, 0.06666449813442837, 0.06715250022586487]

 Resultados del portafolio optimizado
     Asset  w_current  w_benchmark  w_optimal
0  Asset 1     0.2349       0.2349     0.2349
1  Asset 2     0.1116       0.1116     0.1116
2  Asset 3     0.0993       0.0993     0.0993
3  Asset 4     0.2929       0.2929     0.2429
4  Asset 5     0.0612       0.0612     0.0612
5  Asset 6     0.0663       0.0663     0.1163
6  Asset 7     0.0667       0.0667     0.0667
7  Asset 8     0.0672       0.0672     0.0672

Tracking Error Varianza: 9.261882180482288e-06
Turnover realizado: 0.09999999760399209

[0.15985871 0.09281807 0.12606182 0.23445012 0.10141438 0.12527541
 0.08101514 0.07910636]
[0.15985868208085766, 0.09281805746387548, 0.12606180034747516, 0.28445009780121683, 0.10141433738812863, 0.0752755997693323, 0.08101511875563465, 0.07910630639347924]

 Resultados del portafolio optimizado
     Asset  w_current  w_benchmark  w_optimal
0  Asset 1     0.1599       0.1599     0.1599
1  Asset 2     0.0928       0.0928     0.0928
2  Asset 3     0.1261       0.1261     0.1261
3  Asset 4     0.2845       0.2845     0.2345
4  Asset 5     0.1014       0.1014     0.1014
5  Asset 6     0.0753       0.0753     0.1253
6  Asset 7     0.0810       0.0810     0.0810
7  Asset 8     0.0791       0.0791     0.0791

Tracking Error Varianza: 9.261866427978627e-06
Turnover realizado: 0.09999995629177268

[0.12896127 0.22659922 0.11875175 0.15726255 0.11900707 0.0948598
 0.06247114 0.0920872 ]
[0.12896126123294263, 0.22659921986963824, 0.11875174715902413, 0.2072625474974499, 0.11900706725674258, 0.044859817200952674, 0.06247114409576554, 0.09208719568748439]

 Resultados del portafolio optimizado
     Asset  w_current  w_benchmark  w_optimal
0  Asset 1     0.1290       0.1290     0.1290
1  Asset 2     0.2266       0.2266     0.2266
2  Asset 3     0.1188       0.1188     0.1188
3  Asset 4     0.2073       0.2073     0.1573
4  Asset 5     0.1190       0.1190     0.1190
5  Asset 6     0.0449       0.0449     0.0949
6  Asset 7     0.0625       0.0625     0.0625
7  Asset 8     0.0921       0.0921     0.0921

Tracking Error Varianza: 9.261883505413876e-06
Turnover realizado: 0.09999999969934248

[0.14577739 0.15123325 0.08378423 0.09904548 0.23251874 0.10059044
 0.08796599 0.09908448]
[0.1457773899574159, 0.15123324945593547, 0.08378422813943687, 0.13592092783115986, 0.23251873755710623, 0.05059044949696227, 0.10109053931802896, 0.09908447824395443]

 Resultados del portafolio optimizado
     Asset  w_current  w_benchmark  w_optimal
0  Asset 1     0.1458       0.1458     0.1458
1  Asset 2     0.1512       0.1512     0.1512
2  Asset 3     0.0838       0.0838     0.0838
3  Asset 4     0.1359       0.1359     0.0990
4  Asset 5     0.2325       0.2325     0.2325
5  Asset 6     0.0506       0.0506     0.1006
6  Asset 7     0.1011       0.1011     0.0880
7  Asset 8     0.0991       0.0991     0.0991

Tracking Error Varianza: 5.962455700966426e-06
Turnover realizado: 0.09999999848952351

[0.15613335 0.15961963 0.0761097  0.13277983 0.07417546 0.24595917
 0.09173967 0.06348319]
[0.15613334212965585, 0.1596196239933246, 0.07610969359694021, 0.18277982234992401, 0.07417542408144881, 0.19684151425566465, 0.09173966591914902, 0.06260091367389276]

 Resultados del portafolio optimizado
     Asset  w_current  w_benchmark  w_optimal
0  Asset 1     0.1561       0.1561     0.1561
1  Asset 2     0.1596       0.1596     0.1596
2  Asset 3     0.0761       0.0761     0.0761
3  Asset 4     0.1828       0.1828     0.1328
4  Asset 5     0.0742       0.0742     0.0742
5  Asset 6     0.1968       0.1968     0.2460
6  Asset 7     0.0917       0.0917     0.0917
7  Asset 8     0.0626       0.0626     0.0635

Tracking Error Varianza: 9.220261893719947e-06
Turnover realizado: 0.09999997509188054

[0.12375761 0.13986726 0.08538709 0.10268704 0.18992381 0.1000333
 0.17489875 0.08344514]
[0.12375761474307484, 0.13986725745215692, 0.0853870868715516, 0.1513041934733282, 0.18992380938749795, 0.050033310341044766, 0.17628158613678083, 0.08344514159456481]

 Resultados del portafolio optimizado
     Asset  w_current  w_benchmark  w_optimal
0  Asset 1     0.1238       0.1238     0.1238
1  Asset 2     0.1399       0.1399     0.1399
2  Asset 3     0.0854       0.0854     0.0854
3  Asset 4     0.1513       0.1513     0.1027
4  Asset 5     0.1899       0.1899     0.1899
5  Asset 6     0.0500       0.0500     0.1000
6  Asset 7     0.1763       0.1763     0.1749
7  Asset 8     0.0834       0.0834     0.0834

Tracking Error Varianza: 8.859995999095151e-06
Turnover realizado: 0.09999999409509208

[0.17617994 0.22593125 0.03866672 0.10599809 0.16471529 0.07094174
 0.1353193  0.08224768]
[0.17617990526600286, 0.22593135334237555, 0.03866659631547196, 0.1559971273212298, 0.16471523236127533, 0.020942448022923096, 0.13531995275978922, 0.0822473846109321]

 Resultados del portafolio optimizado
     Asset  w_current  w_benchmark  w_optimal
0  Asset 1     0.1762       0.1762     0.1762
1  Asset 2     0.2259       0.2259     0.2259
2  Asset 3     0.0387       0.0387     0.0387
3  Asset 4     0.1560       0.1560     0.1060
4  Asset 5     0.1647       0.1647     0.1647
5  Asset 6     0.0209       0.0209     0.0709
6  Asset 7     0.1353       0.1353     0.1353
7  Asset 8     0.0822       0.0822     0.0822

Tracking Error Varianza: 9.261561262515618e-06
Turnover realizado: 0.09999959656819682