[0.36363628 0.12121215 0.03030304 0.16212131 0.06060607 0.08030289
 0.0909091  0.09090916]
[0.36363636363636365, 0.12121212121212122, 0.030303030303030304, 0.21212121212121213, 0.06060606060606061, 0.030303030303030304, 0.09090909090909091, 0.09090909090909091]

 Resultados del portafolio optimizado
     Asset  w_current  w_benchmark  w_optimal
0  Asset 1     0.3636       0.3636     0.3636
1  Asset 2     0.1212       0.1212     0.1212
2  Asset 3     0.0303       0.0303     0.0303
3  Asset 4     0.2121       0.2121     0.1621
4  Asset 5     0.0606       0.0606     0.0606
5  Asset 6     0.0303       0.0303     0.0803
6  Asset 7     0.0909       0.0909     0.0909
7  Asset 8     0.0909       0.0909     0.0909

Tracking Error Varianza: 1.2639410288286958e-05
Turnover realizado: 0.09999997716092987