[1.08034020e-01 1.03422127e-01 3.78673532e-06 1.05299427e-01
 1.23654024e-01 3.02503754e-01 8.90235768e-02 1.68059285e-01]
[0.36363636363636365, 0.12121212121212122, 0.030303030303030304, 0.21212121212121213, 0.06060606060606061, 0.030303030303030304, 0.09090909090909091, 0.09090909090909091]

 Resultados del portafolio optimizado
     Asset  w_current  w_benchmark  w_optimal
0  Asset 1     0.3636       0.3636     0.1080
1  Asset 2     0.1212       0.1212     0.1034
2  Asset 3     0.0303       0.0303     0.0000
3  Asset 4     0.2121       0.2121     0.1053
4  Asset 5     0.0606       0.0606     0.1237
5  Asset 6     0.0303       0.0303     0.3025
6  Asset 7     0.0909       0.0909     0.0890
7  Asset 8     0.0909       0.0909     0.1681

Tracking Error Varianza: 0.0001941841254820397
Turnover realizado: 0.8247977611860442