[0.11873399 0.12184489 0.02528608 0.04856079 0.11276027 0.45708609
 0.06694147 0.04878642]
[0.31930436443816707, 0.1349944490719483, 0.02528603061160847, 0.20623940169168997, 0.19136169513162402, 0.0070862078550678, 0.06694148680540336, 0.04878636439449086]

 Resultados del portafolio optimizado
     Asset  w_current  w_benchmark  w_optimal
0  Asset 1     0.3193       0.3193     0.1187
1  Asset 2     0.1350       0.1350     0.1218
2  Asset 3     0.0253       0.0253     0.0253
3  Asset 4     0.2062       0.2062     0.0486
4  Asset 5     0.1914       0.1914     0.1128
5  Asset 6     0.0071       0.0071     0.4571
6  Asset 7     0.0669       0.0669     0.0669
7  Asset 8     0.0488       0.0488     0.0488

Tracking Error Varianza: 0.0001741318312661862
Turnover realizado: 0.8999999686051868


[0.12308684 0.12875746 0.02453958 0.04434734 0.11584784 0.45788285
 0.05950296 0.04603512]
[0.3328464672559011, 0.14339807729673312, 0.02453953390400746, 0.20324923077484852, 0.1825456784650624, 0.007883590556753962, 0.05950297850770144, 0.04603444323899201]

 Resultados del portafolio optimizado
     Asset  w_current  w_benchmark  w_optimal
0  Asset 1     0.3328       0.3328     0.1231
1  Asset 2     0.1434       0.1434     0.1288
2  Asset 3     0.0245       0.0245     0.0245
3  Asset 4     0.2032       0.2032     0.0443
4  Asset 5     0.1825       0.1825     0.1158
5  Asset 6     0.0079       0.0079     0.4579
6  Asset 7     0.0595       0.0595     0.0595
7  Asset 8     0.0460       0.0460     0.0460

Tracking Error Varianza: 0.0001804720717434323
Turnover realizado: 0.8999999650574678


[0.11966306 0.12755912 0.02690485 0.05185611 0.11051477 0.45769106
 0.05237477 0.05343626]
[0.31440224135382205, 0.17092460183595903, 0.026904586077246908, 0.16708414297501625, 0.20718199082880717, 0.007693000147937361, 0.052374769598256876, 0.05343466718295437]

 Resultados del portafolio optimizado
     Asset  w_current  w_benchmark  w_optimal
0  Asset 1     0.3144       0.3144     0.1197
1  Asset 2     0.1709       0.1709     0.1276
2  Asset 3     0.0269       0.0269     0.0269
3  Asset 4     0.1671       0.1671     0.0519
4  Asset 5     0.2072       0.2072     0.1105
5  Asset 6     0.0077       0.0077     0.4577
6  Asset 7     0.0524       0.0524     0.0524
7  Asset 8     0.0534       0.0534     0.0534

Tracking Error Varianza: 0.00013447997689835036
Turnover realizado: 0.8999998373687932


[0.12031284 0.12275094 0.03912452 0.04018271 0.11495992 0.45563276
 0.0656505  0.0413858 ]
[0.3001790890552568, 0.24024652307504063, 0.039124495675708436, 0.14292019524017505, 0.16486055760859653, 0.005635002569395687, 0.06565053071304237, 0.04138360606278458]

 Resultados del portafolio optimizado
     Asset  w_current  w_benchmark  w_optimal
0  Asset 1     0.3002       0.3002     0.1203
1  Asset 2     0.2402       0.2402     0.1228
2  Asset 3     0.0391       0.0391     0.0391
3  Asset 4     0.1429       0.1429     0.0402
4  Asset 5     0.1649       0.1649     0.1150
5  Asset 6     0.0056       0.0056     0.4556
6  Asset 7     0.0657       0.0657     0.0657
7  Asset 8     0.0414       0.0414     0.0414

Tracking Error Varianza: 0.0001294912415689792
Turnover realizado: 0.8999999648519474


[0.1237931  0.12660714 0.03858022 0.03469088 0.11856728 0.45653314
 0.06452508 0.03670316]
[0.31793018203131684, 0.20248685615568116, 0.03858021855350551, 0.1544023041136176, 0.17883906234313635, 0.006533156891763937, 0.06452507597601707, 0.036703143934961505]

 Resultados del portafolio optimizado
     Asset  w_current  w_benchmark  w_optimal
0  Asset 1     0.3179       0.3179     0.1238
1  Asset 2     0.2025       0.2025     0.1266
2  Asset 3     0.0386       0.0386     0.0386
3  Asset 4     0.1544       0.1544     0.0347
4  Asset 5     0.1788       0.1788     0.1186
5  Asset 6     0.0065       0.0065     0.4565
6  Asset 7     0.0645       0.0645     0.0645
7  Asset 8     0.0367       0.0367     0.0367

Tracking Error Varianza: 0.0001417933718281635
Turnover realizado: 0.8999999972818844


[0.12461269 0.12879748 0.02224985 0.04172963 0.11858631 0.45585765
 0.06492481 0.04324158]
[0.35965644941883096, 0.17338283344454355, 0.02224984440269844, 0.15077710279872428, 0.17990971132273784, 0.0058579195307373105, 0.06492481224651549, 0.043241326835212104]

 Resultados del portafolio optimizado
     Asset  w_current  w_benchmark  w_optimal
0  Asset 1     0.3597       0.3597     0.1246
1  Asset 2     0.1734       0.1734     0.1288
2  Asset 3     0.0222       0.0222     0.0222
3  Asset 4     0.1508       0.1508     0.0417
4  Asset 5     0.1799       0.1799     0.1186
5  Asset 6     0.0059       0.0059     0.4559
6  Asset 7     0.0649       0.0649     0.0649
7  Asset 8     0.0432       0.0432     0.0432

Tracking Error Varianza: 0.00014856999624807257
Turnover realizado: 0.89999999125001


[0.13737734 0.13733169 0.01379413 0.03304089 0.13787847 0.45933675
 0.04880232 0.03243841]
[0.40936757471765245, 0.13733180754072055, 0.013794066491872672, 0.1703435226969249, 0.17858546490273558, 0.00933684255304333, 0.04880231984674461, 0.032438401250305636]

 Resultados del portafolio optimizado
     Asset  w_current  w_benchmark  w_optimal
0  Asset 1     0.4094       0.4094     0.1374
1  Asset 2     0.1373       0.1373     0.1373
2  Asset 3     0.0138       0.0138     0.0138
3  Asset 4     0.1703       0.1703     0.0330
4  Asset 5     0.1786       0.1786     0.1379
5  Asset 6     0.0093       0.0093     0.4593
6  Asset 7     0.0488       0.0488     0.0488
7  Asset 8     0.0324       0.0324     0.0324

Tracking Error Varianza: 0.00019596864452206796
Turnover realizado: 0.8999999663092451


[0.13984945 0.15374321 0.01157391 0.03034622 0.12888239 0.46055578
 0.03834911 0.03669993]
[0.3884525186043188, 0.15901266356614407, 0.011573823798719567, 0.18432453774593402, 0.1710315155252685, 0.010555922062561346, 0.038349117631366766, 0.03669990106568649]

 Resultados del portafolio optimizado
     Asset  w_current  w_benchmark  w_optimal
0  Asset 1     0.3885       0.3885     0.1398
1  Asset 2     0.1590       0.1590     0.1537
2  Asset 3     0.0116       0.0116     0.0116
3  Asset 4     0.1843       0.1843     0.0303
4  Asset 5     0.1710       0.1710     0.1289
5  Asset 6     0.0106       0.0106     0.4606
6  Asset 7     0.0383       0.0383     0.0383
7  Asset 8     0.0367       0.0367     0.0367

Tracking Error Varianza: 0.00019782580724880236
Turnover realizado: 0.8999999544841096


[0.14903703 0.15252547 0.0098951  0.02451392 0.14909655 0.45766741 0.03135269 0.02591182]
[0.34059543993061786, 0.15252553508199992, 0.009894923039175845, 0.16594904306988492, 0.26610290848827983, 0.00766771136062649, 0.03135269559628416, 0.02591174343313111]
Asset  w_current  w_benchmark  w_optimal
0  Asset 1     0.3406       0.3406     0.1490
1  Asset 2     0.1525       0.1525     0.1525
2  Asset 3     0.0099       0.0099     0.0099
3  Asset 4     0.1659       0.1659     0.0245
4  Asset 5     0.2661       0.2661     0.1491
5  Asset 6     0.0077       0.0077     0.4577
6  Asset 7     0.0314       0.0314     0.0314
7  Asset 8     0.0259       0.0259     0.0259

Tracking Error Varianza: 0.00015436430970540603
Turnover realizado: 0.8999999210071464


[0.15591649 0.1645334  0.01086815 0.01853804 0.15315742 0.45652968
 0.01773906 0.02271777]
[0.32123949444570304, 0.16453381973270728, 0.010867648796296888, 0.1607960740442635, 0.2955757138707197, 0.006532647166721363, 0.017739068724824975, 0.022715533218763437]

 Resultados del portafolio optimizado
     Asset  w_current  w_benchmark  w_optimal
0  Asset 1     0.3212       0.3212     0.1559
1  Asset 2     0.1645       0.1645     0.1645
2  Asset 3     0.0109       0.0109     0.0109
3  Asset 4     0.1608       0.1608     0.0185
4  Asset 5     0.2956       0.2956     0.1532
5  Asset 6     0.0065       0.0065     0.4565
6  Asset 7     0.0177       0.0177     0.0177
7  Asset 8     0.0227       0.0227     0.0227

Tracking Error Varianza: 0.00014486657102513674
Turnover realizado: 0.8999995223909649


[0.1477806  0.15932506 0.02163464 0.02249289 0.14099527 0.46014717
 0.01969092 0.02793346]
[0.311659269301592, 0.15933292328925913, 0.02163433676814791, 0.14476336350760707, 0.30483803423897254, 0.01014895698309284, 0.019690986210923845, 0.02793212970040485]

 Resultados del portafolio optimizado
     Asset  w_current  w_benchmark  w_optimal
0  Asset 1     0.3117       0.3117     0.1478
1  Asset 2     0.1593       0.1593     0.1593
2  Asset 3     0.0216       0.0216     0.0216
3  Asset 4     0.1448       0.1448     0.0225
4  Asset 5     0.3048       0.3048     0.1410
5  Asset 6     0.0101       0.0101     0.4601
6  Asset 7     0.0197       0.0197     0.0197
7  Asset 8     0.0279       0.0279     0.0279

Tracking Error Varianza: 0.00013077886917699434
Turnover realizado: 0.8999996905195122