[0.11638776 0.07624488 0.03000457 0.06084189 0.13596668 0.1635416
 0.02383708 0.39317554]
[0.25518543008699746, 0.19711771800772293, 0.0701448123819742, 0.175943145763291, 0.13398739494153442, 0.057850498926753265, 0.05892496423154355, 0.05084603566018308]

 Resultados del portafolio optimizado
     Asset  w_current  w_benchmark  w_optimal
0  Asset 1     0.2552       0.2552     0.1164
1  Asset 2     0.1971       0.1971     0.0762
2  Asset 3     0.0701       0.0701     0.0300
3  Asset 4     0.1759       0.1759     0.0608
4  Asset 5     0.1340       0.1340     0.1360
5  Asset 6     0.0579       0.0579     0.1635
6  Asset 7     0.0589       0.0589     0.0238
7  Asset 8     0.0508       0.0508     0.3932

Tracking Error Varianza: 9.61303155291549e-05
Turnover realizado: 0.8999997822017864

[0.10974225 0.08052648 0.01704604 0.08515752 0.14123632 0.18637642
 0.04981334 0.33010162]
[0.23231807443598523, 0.15988147022446728, 0.04137860049367175, 0.15027957112817325, 0.21191354467970963, 0.08240597912230128, 0.05228112806759738, 0.06954163184809418]

 Resultados del portafolio optimizado
     Asset  w_current  w_benchmark  w_optimal
0  Asset 1     0.2323       0.2323     0.1097
1  Asset 2     0.1599       0.1599     0.0805
2  Asset 3     0.0414       0.0414     0.0170
3  Asset 4     0.1503       0.1503     0.0852
4  Asset 5     0.2119       0.2119     0.1412
5  Asset 6     0.0824       0.0824     0.1864
6  Asset 7     0.0523       0.0523     0.0498
7  Asset 8     0.0695       0.0695     0.3301

Tracking Error Varianza: 4.254079260233195e-05
Turnover realizado: 0.7290608630616698

[0.11159538 0.08591868 0.03007466 0.08998807 0.13926285 0.1789669
 0.05891351 0.30527995]
[0.24380725854280103, 0.09381472721059679, 0.060201244571542405, 0.21985490698546817, 0.18016447165428334, 0.05339868785582069, 0.072501565235468, 0.07625713794401952]

 Resultados del portafolio optimizado
     Asset  w_current  w_benchmark  w_optimal
0  Asset 1     0.2438       0.2438     0.1116
1  Asset 2     0.0938       0.0938     0.0859
2  Asset 3     0.0602       0.0602     0.0301
3  Asset 4     0.2199       0.2199     0.0900
4  Asset 5     0.1802       0.1802     0.1393
5  Asset 6     0.0534       0.0534     0.1790
6  Asset 7     0.0725       0.0725     0.0589
7  Asset 8     0.0763       0.0763     0.3053

Tracking Error Varianza: 8.00028864936355e-05
Turnover realizado: 0.7091820599007663

[0.10847689 0.07683126 0.00802745 0.08184781 0.14258037 0.1915028
 0.04355467 0.34717875]
[0.266054282816043, 0.07906632517994572, 0.05782590660275847, 0.20371507689779125, 0.15013041928780407, 0.11343798840280293, 0.06484256170006979, 0.06492743911278477]

 Resultados del portafolio optimizado
     Asset  w_current  w_benchmark  w_optimal
0  Asset 1     0.2661       0.2661     0.1085
1  Asset 2     0.0791       0.0791     0.0768
2  Asset 3     0.0578       0.0578     0.0080
3  Asset 4     0.2037       0.2037     0.0818
4  Asset 5     0.1501       0.1501     0.1426
5  Asset 6     0.1134       0.1134     0.1915
6  Asset 7     0.0648       0.0648     0.0436
7  Asset 8     0.0649       0.0649     0.3472

Tracking Error Varianza: 7.381427620666371e-05
Turnover realizado: 0.7206322527655487

[0.11404335 0.08311602 0.03304669 0.07888111 0.13739372 0.17078296
 0.04630481 0.33643135]
[0.2348703486044998, 0.11158764811040063, 0.09934885515994939, 0.2929204755724159, 0.061162858206219965, 0.06629281598622108, 0.06666449813442837, 0.06715250022586487]

 Resultados del portafolio optimizado
     Asset  w_current  w_benchmark  w_optimal
0  Asset 1     0.2349       0.2349     0.1140
1  Asset 2     0.1116       0.1116     0.0831
2  Asset 3     0.0993       0.0993     0.0330
3  Asset 4     0.2929       0.2929     0.0789
4  Asset 5     0.0612       0.0612     0.1374
5  Asset 6     0.0663       0.0663     0.1708
6  Asset 7     0.0667       0.0667     0.0463
7  Asset 8     0.0672       0.0672     0.3364

Tracking Error Varianza: 0.00017567608322305542
Turnover realizado: 0.8999996989325595

[0.11237892 0.08820309 0.03562344 0.09203461 0.13842914 0.17581231
 0.06277648 0.29474202]
[0.15985868208085766, 0.09281805746387548, 0.12606180034747516, 0.28445009780121683, 0.10141433738812863, 0.0752755997693323, 0.08101511875563465, 0.07910630639347924]

 Resultados del portafolio optimizado
     Asset  w_current  w_benchmark  w_optimal
0  Asset 1     0.1599       0.1599     0.1124
1  Asset 2     0.0928       0.0928     0.0882
2  Asset 3     0.1261       0.1261     0.0356
3  Asset 4     0.2845       0.2845     0.0920
4  Asset 5     0.1014       0.1014     0.1384
5  Asset 6     0.0753       0.0753     0.1758
6  Asset 7     0.0810       0.0810     0.0628
7  Asset 8     0.0791       0.0791     0.2947

Tracking Error Varianza: 0.00013737391518096588
Turnover realizado: 0.7063744442385733

[0.11594882 0.09861106 0.06090361 0.1013587  0.13463075 0.16143993
 0.08037616 0.24673097]
[0.12896126123294263, 0.22659921986963824, 0.11875174715902413, 0.2072625474974499, 0.11900706725674258, 0.044859817200952674, 0.06247114409576554, 0.09208719568748439]

 Resultados del portafolio optimizado
     Asset  w_current  w_benchmark  w_optimal
0  Asset 1     0.1290       0.1290     0.1159
1  Asset 2     0.2266       0.2266     0.0986
2  Asset 3     0.1188       0.1188     0.0609
3  Asset 4     0.2073       0.2073     0.1014
4  Asset 5     0.1190       0.1190     0.1346
5  Asset 6     0.0449       0.0449     0.1614
6  Asset 7     0.0625       0.0625     0.0804
7  Asset 8     0.0921       0.0921     0.2467

Tracking Error Varianza: 7.332490171169827e-05
Turnover realizado: 0.6095051719267915

[0.11787306 0.10422131 0.07453024 0.10638492 0.13258324 0.15369304
 0.08986324 0.22085094]
[0.1457773899574159, 0.15123324945593547, 0.08378422813943687, 0.13592092783115986, 0.23251873755710623, 0.05059044949696227, 0.10109053931802896, 0.09908447824395443]

 Resultados del portafolio optimizado
     Asset  w_current  w_benchmark  w_optimal
0  Asset 1     0.1458       0.1458     0.1179
1  Asset 2     0.1512       0.1512     0.1042
2  Asset 3     0.0838       0.0838     0.0745
3  Asset 4     0.1359       0.1359     0.1064
4  Asset 5     0.2325       0.2325     0.1326
5  Asset 6     0.0506       0.0506     0.1537
6  Asset 7     0.1011       0.1011     0.0899
7  Asset 8     0.0991       0.0991     0.2209

Tracking Error Varianza: 1.4810921746407728e-05
Turnover realizado: 0.44973810188087515

[0.10780627 0.07492756 0.00368764 0.08015251 0.14328669 0.19398836
 0.04042468 0.35572629]
[0.15613334212965585, 0.1596196239933246, 0.07610969359694021, 0.18277982234992401, 0.07417542408144881, 0.19684151425566465, 0.09173966591914902, 0.06260091367389276]

 Resultados del portafolio optimizado
     Asset  w_current  w_benchmark  w_optimal
0  Asset 1     0.1561       0.1561     0.1078
1  Asset 2     0.1596       0.1596     0.0749
2  Asset 3     0.0761       0.0761     0.0037
3  Asset 4     0.1828       0.1828     0.0802
4  Asset 5     0.0742       0.0742     0.1433
5  Asset 6     0.1968       0.1968     0.1940
6  Asset 7     0.0917       0.0917     0.0404
7  Asset 8     0.0626       0.0626     0.3557

Tracking Error Varianza: 6.042201672504054e-05
Turnover realizado: 0.7244732815368016

[0.11357187 0.09168166 0.04407435 0.09515106 0.13715997 0.17100801
 0.06865934 0.27869374]
[0.12375761474307484, 0.13986725745215692, 0.0853870868715516, 0.1513041934733282, 0.18992380938749795, 0.050033310341044766, 0.17628158613678083, 0.08344514159456481]

 Resultados del portafolio optimizado
     Asset  w_current  w_benchmark  w_optimal
0  Asset 1     0.1238       0.1238     0.1136
1  Asset 2     0.1399       0.1399     0.0917
2  Asset 3     0.0854       0.0854     0.0441
3  Asset 4     0.1513       0.1513     0.0952
4  Asset 5     0.1899       0.1899     0.1372
5  Asset 6     0.0500       0.0500     0.1710
6  Asset 7     0.1763       0.1763     0.0687
7  Asset 8     0.0834       0.0834     0.2787

Tracking Error Varianza: 4.3003805227194806e-05
Turnover realizado: 0.6324465902629617

[0.1132426  0.09072149 0.04174626 0.09428986 0.13751175 0.17233089
 0.06703538 0.28312177]
[0.17617990526600286, 0.22593135334237555, 0.03866659631547196, 0.1559971273212298, 0.16471523236127533, 0.020942448022923096, 0.13531995275978922, 0.0822473846109321]

 Resultados del portafolio optimizado
     Asset  w_current  w_benchmark  w_optimal
0  Asset 1     0.1762       0.1762     0.1132
1  Asset 2     0.2259       0.2259     0.0907
2  Asset 3     0.0387       0.0387     0.0417
3  Asset 4     0.1560       0.1560     0.0943
4  Asset 5     0.1647       0.1647     0.1375
5  Asset 6     0.0209       0.0209     0.1723
6  Asset 7     0.1353       0.1353     0.0670
7  Asset 8     0.0822       0.0822     0.2831

Tracking Error Varianza: 5.919003878071743e-05
Turnover realizado: 0.7106849703385629